base20
vpn8 to vpn1
+ fwd Core-0-0_vpn8 167811840 24 vpn1 24


+ fwd Leaf-0-19_vpn8 167811840 24 vxlan 24



Leaf-0-13_vpn13 167811073 32 318900232 32 32
Leaf-0-13_vpn1 167811841 32 318900232 32 32
Leaf-0-13_vpn18 167811072 24 318767105 32 24
Leaf-0-13_vpn8 167811840 24 318767105 32 24
Leaf-0-13_vpn12 167811584 24 318900232 32 24
Leaf-0-13_vpn2 167811329 32 318900232 32 32
Leaf-0-13_vpn8 167811840 24 318767106 32 24
Leaf-0-13_vpn2 167811328 24 318900232 32 24
Leaf-0-13_vpn12 167811585 32 318900232 32 32
Leaf-0-13_vpn1 167811840 24 318900232 32 24
Leaf-0-13_vpn13 167811072 24 318900232 32 24
Leaf-0-13_vpn18 167811072 24 318767106 32 242

Spine-0-1 318832641 32 10ge1/0/14
Spine-0-1 302120975 32 10ge1/0/14
Spine-0-1 335544376 30 10ge1/0/14
Spine-0-1 318900232 32 10ge1/0/14
Spine-0-1 302055425 32 10ge1/0/14



Leaf-0-13_vpn8 167811840 24 318767105 32 24
Leaf-0-13_vpn8 167811840 24 318767106 32 24


Leaf-0-13_vpn8 167811840 24 318767105 32 24
Leaf-0-13_vpn8 167811840 24 318767106 32 24
Leaf-0-13_vpn1 167811840 24 318900232 32 24


Leaf-0-13_vpn13 167811073 32 318900232 32 32
Leaf-0-13_vpn1 167811841 32 318900232 32 32
Leaf-0-13_vpn18 167811072 24 318767105 32 24
Leaf-0-13_vpn8 167811840 24 318767105 32 24
Leaf-0-13_vpn12 167811584 24 318900232 32 24
Leaf-0-13_vpn2 167811329 32 318900232 32 32
Leaf-0-13_vpn8 167811840 24 318767106 32 24
Leaf-0-13_vpn2 167811328 24 318900232 32 24
Leaf-0-13_vpn12 167811585 32 318900232 32 32
Leaf-0-13_vpn1 167811840 24 318900232 32 24
Leaf-0-13_vpn13 167811072 24 318900232 32 24
Leaf-0-13_vpn18 167811072 24 318767106 32 24





core-0-0_vpn0 167772417 32 838860801 32 32
core-0-0_vpn3 167772929 32 838860801 32 32
core-0-0_vpn1 167773952 24 838860802 32 24
core-0-0_vpn1 167772672 24 838860801 32 24
core-0-0_vpn2 167774464 24 838860802 32 24
core-0-0_vpn1 167775233 32 838860803 32 32
core-0-0_vpn2 50002
core-0-0_vpn2 167776256 24 838860803 32 24
core-0-0_vpn4 167773440 24 838860801 32 24
core-0-0_vpn0 167776001 32 838860803 32 32
core-0-0_vpn0 167773696 24 838860802 32 24
core-0-0_vpn0 50000
core-0-0_vpn5 167776512 24 838860803 32 24
core-0-0_vpn4 167773441 32 838860801 32 32
core-0-0_vpn4 167775745 32 838860803 32 32
core-0-0_vpn3 167775488 24 838860803 32 24
core-0-0_vpn4 167774721 32 838860802 32 32
core-0-0_vpn0 167773697 32 838860802 32 32
core-0-0_vpn2 167774465 32 838860802 32 32
core-0-0_vpn4 167775744 24 838860803 32 24
core-0-0_vpn1 167773953 32 838860802 32 32
core-0-0_vpn3 167774977 32 838860802 32 32
core-0-0_vpn4 167774720 24 838860802 32 24
core-0-0_vpn3 167775489 32 838860803 32 32
core-0-0_vpn3 167772928 24 838860801 32 24
core-0-0_vpn1 50001
core-0-0_vpn1 167775232 24 838860803 32 24
core-0-0_vpn2 167772161 32 838860801 32 32
core-0-0_vpn2 167776257 32 838860803 32 32
core-0-0_vpn0 167772416 24 838860801 32 24
core-0-0_vpn5 167774208 24 838860802 32 24
core-0-0_vpn3 167774976 24 838860802 32 24
core-0-0_vpn1 167772673 32 838860801 32 32
core-0-0_vpn5 167773184 24 838860801 32 24
core-0-0_vpn3 50003
core-0-0_vpn5 167776513 32 838860803 32 32
core-0-0_vpn4 50004
core-0-0_vpn5 50005
core-0-0_vpn0 167776000 24 838860803 32 24
core-0-0_vpn5 167774209 32 838860802 32 32
core-0-0_vpn5 167773185 32 838860801 32 32
core-0-0_vpn2 167772160 24 838860801 32 24