1 3.672324875 320152 0 1095680
2 3.979937576 320152 0 1095680
3 4.124820877 320152 0 1095680
4 3.080527247 320152 0 1095680
5 4.843217325 320152 0 1095680
6 3.77095721 320152 0 1095680
7 4.261191211 320152 0 1095680
8 3.926391386 320152 0 1095680
9 3.124685698 317304 0 1095680
10 3.795197143 317304 0 1095680
11 3.575560571 316952 0 1095680
12 4.163077043 316952 0 1095680
13 3.697662687 317304 0 1095680
14 3.285919778 317304 0 1095680
15 3.586082602 317304 0 1095680
16 3.702860531 317304 0 1095680
17 3.27521115 317304 0 1095680
18 3.314615755 317304 0 1095680
19 3.4581882 316952 0 1095680
20 3.502392536 316952 0 1095680
21 3.381541982 316952 0 1095680
22 3.246198364 316952 0 1095680
23 3.31743334 316952 0 1095680
24 3.889704648 316952 0 1095680
25 3.846729681 319832 0 1095680
26 3.541195198 319832 0 1095680
27 3.053818039 319832 0 1095680
28 3.163413915 319832 0 1095680
29 2.894944217 319832 0 1095680
30 2.691890016 319832 0 1095680
31 2.690188988 316952 0 1095680
32 3.11901354 316952 0 1095680
33 2.57043842 316952 0 1095680
34 3.097385979 316952 0 1095680
35 2.546759076 313752 0 1095680
36 2.539717482 313752 0 1095680
37 3.166867582 319832 0 1095680
38 3.183195151 319832 0 1095680
39 3.009920906 319832 0 1095680
40 2.652991179 319832 0 1095680
41 2.692128319 319832 0 1095680
42 2.61090438 319832 0 1095680
43 2.780425692 316632 0 1095680
44 2.833819367 316632 0 1095680
45 2.616958962 313752 0 1095680
46 2.875833864 313752 0 1095680
47 2.644821021 316632 0 1095680
48 2.828727076 316632 0 1095680
49 2.843127618 317272 0 1095680
50 2.735982419 317272 0 1095680
51 2.9463094 314424 0 1095680
52 3.215362764 314424 0 1095680
53 3.15643938 314072 0 1095680
54 2.822496155 314072 0 1095680
55 2.71571775 316952 0 1095680
56 2.867363208 316952 0 1095680
57 2.676236496 316952 0 1095680
58 2.785358529 316952 0 1095680
59 3.072949814 313752 0 1095680
60 2.688308496 313752 0 1095680
61 2.756774282 314424 0 1095680
62 2.651893989 314424 0 1095680
63 3.083716855 317272 0 1095680
64 2.798598326 317272 0 1095680
65 3.082201327 314072 0 1095680
66 2.691675326 314072 0 1095680
67 3.110517709 310872 0 1095680
68 2.74196105 310872 0 1095680
69 2.811748044 310552 0 1095680
70 3.036013465 310552 0 1095680
71 2.611721515 310872 0 1095680
72 2.689594237 310872 0 1095680
73 3.199127101 317304 0 1095680
74 2.718081207 317304 0 1095680
75 3.418897201 317304 0 1095680
76 2.943595892 317304 0 1095680
77 2.787445326 317304 0 1095680
78 2.91687611 317304 0 1095680
79 2.973959906 320152 0 1095680
80 3.006122263 320152 0 1095680
81 2.749509383 320152 0 1095680
82 2.817976416 320152 0 1095680
83 2.669646499 320152 0 1095680
84 3.009364668 320152 0 1095680
85 3.191959899 317304 0 1095680
86 3.22107975 317304 0 1095680
87 3.053652059 320152 0 1095680
88 2.562569146 320152 0 1095680
89 2.775168039 316952 0 1095680
90 2.879115472 316952 0 1095680
91 2.831993106 316952 0 1095680
92 3.069645303 316952 0 1095680
93 2.937420397 316952 0 1095680
94 3.096699498 316952 0 1095680
95 2.851921413 316952 0 1095680
96 2.673290564 316952 0 1095680
97 2.5864197 313752 0 1095680
98 2.953862725 313752 0 1095680
99 3.045054013 313752 0 1095680
100 3.165918066 313752 0 1095680
101 2.558798383 313752 0 1095680
102 2.796786401 313752 0 1095680
103 2.479451572 313432 0 1095680
104 2.388633052 313432 0 1095680
105 2.759617729 310552 0 1095680
106 2.392896154 310552 0 1095680
107 2.398757715 313432 0 1095680
108 2.599284827 313432 0 1095680
109 2.636625394 310872 0 1095680
110 2.85669029 310872 0 1095680
111 2.743992056 310552 0 1095680
112 2.46857894 310552 0 1095680
113 2.583982648 310872 0 1095680
114 2.69012245 310872 0 1095680
115 2.618640548 313752 0 1095680
116 2.556743527 313752 0 1095680
117 2.566967877 313752 0 1095680
118 2.835065988 313752 0 1095680
119 2.748465359 313752 0 1095680
120 2.541383161 313752 0 1095680
121 2.729511287 329664 0 1095680
122 2.804386572 329664 0 1095680
123 2.867839883 329664 0 1095680
124 2.860239777 329664 0 1095680
125 3.023576392 329664 0 1095680
126 2.741020404 329664 0 1095680
127 3.001201914 329664 0 1095680
128 2.759424189 329664 0 1095680
129 2.956514215 326816 0 1095680
130 2.981884591 326816 0 1095680
131 2.790916894 326464 0 1095680
132 2.747104274 326464 0 1095680
133 3.041372343 326816 0 1095680
134 3.179302904 326816 0 1095680
135 4.279357193 326816 0 1095680
136 3.010175972 326816 0 1095680
137 3.443752825 326816 0 1095680
138 2.874409385 326816 0 1095680
139 2.714759363 326464 0 1095680
140 2.753142778 326464 0 1095680
141 2.678490359 326464 0 1095680
142 2.905122792 326464 0 1095680
143 2.937170345 326464 0 1095680
144 3.010245377 326464 0 1095680
145 2.964038441 332456 665 1095680
146 3.116620835 332456 665 1095680
147 3.466085891 332456 665 1095680
148 2.789998873 332456 665 1095680
149 2.587054273 332456 665 1095680
150 2.453073741 332456 665 1095680
151 2.961856498 329576 665 1095680
152 2.647881375 329576 665 1095680
153 2.545144648 328861 665 1095680
154 2.77018326 328861 665 1095680
155 2.66097467 326376 665 1095680
156 2.721749065 326376 665 1095680
157 2.725115155 329181 665 1095680
158 2.776666012 329181 665 1095680
159 3.909292563 329181 665 1095680
160 2.558263183 329181 665 1095680
161 2.530323195 329181 665 1095680
162 2.533540532 329181 665 1095680
163 2.636018325 329256 665 1095680
164 2.833111821 329256 665 1095680
165 2.407329048 326376 665 1095680
166 4.166193343 326376 665 1095680
167 3.081168227 326696 665 1095680
168 2.534328766 326696 665 1095680
169 3.096958776 326784 0 1095680
170 2.743845797 326784 0 1095680
171 2.880335502 323936 0 1095680
172 3.174860582 323936 0 1095680
173 2.774268593 323584 0 1095680
174 2.85159975 323584 0 1095680
175 2.875519266 329576 665 1095680
176 3.159412471 329576 665 1095680
177 2.790196162 328861 665 1095680
178 2.708020716 328861 665 1095680
179 4.360980834 326376 665 1095680
180 2.693722036 326376 665 1095680
181 2.685601538 323605 0 1095680
182 3.298274559 323605 0 1095680
183 3.019274481 325706 665 1095680
184 2.664612035 325706 665 1095680
185 2.959380681 323253 0 1095680
186 2.555435988 323221 0 1095680
187 2.689619105 320384 0 1095680
188 2.489473802 320384 0 1095680
189 2.344721164 320064 0 1095680
190 2.718474698 320064 0 1095680
191 2.531615187 320768 0 1095680
192 2.740734666 320736 0 1095680
193 2.838529388 323925 0 1095680
194 2.95637801 323925 0 1095680
195 3.212087425 323925 0 1095680
196 2.933529502 323925 0 1095680
197 2.899580607 323925 0 1095680
198 3.129581362 323925 0 1095680
199 2.76653231 326026 665 1095680
200 2.678896002 326026 665 1095680
201 2.942032506 326026 665 1095680
202 2.50551781 326026 665 1095680
203 2.879212235 326026 665 1095680
204 4.367611983 326026 665 1095680
205 3.119262134 323925 0 1095680
206 2.834781541 323925 0 1095680
207 2.762324277 326026 665 1095680
208 2.915978527 326026 665 1095680
209 2.555093053 323573 0 1095680
210 3.061143792 323541 0 1095680
211 3.532283203 323573 0 1095680
212 2.608285176 323573 0 1095680
213 2.531809057 323541 0 1095680
214 2.809739011 323541 0 1095680
215 2.6603649 323573 0 1095680
216 4.048414459 323541 0 1095680
217 2.682514808 323264 0 1095680
218 2.638918585 323264 0 1095680
219 2.658863209 323264 0 1095680
220 2.591432937 323264 0 1095680
221 2.738656229 323264 0 1095680
222 2.742927583 323264 0 1095680
223 2.766642691 322944 0 1095680
224 2.56968345 322944 0 1095680
225 2.605510217 320064 0 1095680
226 2.570810363 320064 0 1095680
227 2.479064083 320384 0 1095680
228 2.311385658 320384 0 1095680
229 2.46807981 320384 0 1095680
230 2.673813841 320384 0 1095680
231 2.463335743 320064 0 1095680
232 2.414850299 320064 0 1095680
233 2.746384496 320768 0 1095680
234 2.321473086 320736 0 1095680
235 2.41334259 321088 0 1095680
236 2.655103633 321088 0 1095680
237 2.840887021 321056 0 1095680
238 2.919857271 321056 0 1095680
239 2.868645363 321088 0 1095680
240 2.778889048 321056 0 1095680
241 2.552727159 322624 665 1095680
242 2.821976742 322624 665 1095680
243 2.992259674 322624 665 1095680
244 2.569088641 322624 665 1095680
245 3.153123155 322624 665 1095680
246 3.140098495 322624 665 1095680
247 2.487340876 319744 665 1095680
248 2.815703212 319744 665 1095680
249 2.974708225 319744 665 1095680
250 2.583968574 319744 665 1095680
251 2.790167417 316544 665 1095680
252 2.509221606 316544 665 1095680
253 2.992802614 322624 665 1095680
254 2.938438725 322624 665 1095680
255 2.622754571 322624 665 1095680
256 2.667283655 322624 665 1095680
257 2.709276513 322624 665 1095680
258 3.206646633 322624 665 1095680
259 2.512864793 319424 665 1095680
260 2.557133803 319424 665 1095680
261 2.645346275 316544 665 1095680
262 2.515627808 316544 665 1095680
263 2.399524427 319424 665 1095680
264 2.286793656 319424 665 1095680
265 4.660700438 328936 665 1095680
266 2.511450653 328936 665 1095680
267 2.748185686 328936 665 1095680
268 2.578043294 328936 665 1095680
269 2.771605911 328936 665 1095680
270 2.4797508 328936 665 1095680
271 2.741615282 326056 665 1095680
272 2.565510573 326056 665 1095680
273 2.556262136 325341 665 1095680
274 2.625837265 325341 665 1095680
275 2.673696346 322856 665 1095680
276 2.601910701 322856 665 1095680
277 3.104763457 325661 665 1095680
278 3.24097017 325661 665 1095680
279 2.75076915 325661 665 1095680
280 2.361082738 325661 665 1095680
281 2.42111423 325661 665 1095680
282 2.455258801 325661 665 1095680
283 2.723707628 325736 665 1095680
284 2.63421569 325736 665 1095680
285 3.754152463 322856 665 1095680
286 2.663175873 322856 665 1095680
287 2.464426196 323176 665 1095680
288 2.608002344 323176 665 1095680
289 2.684805533 316864 665 1095680
290 2.6062819 316864 665 1095680
291 2.602568006 316864 665 1095680
292 2.911769699 316864 665 1095680
293 2.614088979 313664 665 1095680
294 4.06099587 313664 665 1095680
295 3.981392575 323176 665 1095680
296 2.873656266 323176 665 1095680
297 2.409280914 322461 665 1095680
298 2.447402355 322461 665 1095680
299 2.976163381 319976 665 1095680
300 2.370096373 319976 665 1095680
301 2.669081585 319976 665 1095680
302 2.699772204 319976 665 1095680
303 2.790203108 319261 665 1095680
304 2.885670817 319261 665 1095680
305 2.347804649 316776 665 1095680
306 2.811948547 316776 665 1095680
307 2.739334819 310464 665 1095680
308 2.501508863 310464 665 1095680
309 2.613257065 313664 665 1095680
310 2.308065637 313664 665 1095680
311 2.619798781 310464 665 1095680
312 2.764865177 310464 665 1095680
313 2.578104358 325736 665 1095680
314 2.564654114 325736 665 1095680
315 2.862926575 325736 665 1095680
316 2.765599548 325736 665 1095680
317 2.751178376 325736 665 1095680
318 2.888199204 325736 665 1095680
319 2.753203191 322461 665 1095680
320 2.655675333 322461 665 1095680
321 2.902415367 322461 665 1095680
322 2.450739822 322461 665 1095680
323 2.727741309 322461 665 1095680
324 2.376719067 322461 665 1095680
325 2.508112141 322856 665 1095680
326 2.613790518 322856 665 1095680
327 2.467170648 322141 665 1095680
328 2.367772161 322141 665 1095680
329 2.710003509 319656 665 1095680
330 2.780275882 319656 665 1095680
331 2.309260812 322536 665 1095680
332 2.139216075 322536 665 1095680
333 2.630753782 319976 665 1095680
334 2.501890522 319976 665 1095680
335 2.367783123 319656 665 1095680
336 2.660483639 319656 665 1095680
337 2.634169409 316224 665 1095680
338 2.20082593 316224 665 1095680
339 2.264256177 313344 665 1095680
340 2.533046317 313344 665 1095680
341 2.401370434 316224 665 1095680
342 2.676714857 316224 665 1095680
343 2.626635463 319424 665 1095680
344 2.807729881 319424 665 1095680
345 2.463287604 316544 665 1095680
346 2.5549565 316544 665 1095680
347 2.406814489 316864 665 1095680
348 2.32948573 316864 665 1095680
349 2.387275464 310464 665 1095680
350 2.413440864 310464 665 1095680
351 2.200894822 313664 665 1095680
352 2.558769322 313664 665 1095680
353 2.492994982 310464 665 1095680
354 2.346334285 310464 665 1095680
355 2.612214719 316224 665 1095680
356 2.836137926 316224 665 1095680
357 2.471420754 313664 665 1095680
358 2.3233114 313664 665 1095680
359 2.699144763 313344 665 1095680
360 2.401440638 313344 665 1095680
361 2.819058464 314392 0 1095680
362 3.16536056 314392 0 1095680
363 3.407841154 311544 0 1095680
364 2.609320215 311544 0 1095680
365 2.593516129 311192 0 1095680
366 2.522684714 311192 0 1095680
367 2.884751888 314072 0 1095680
368 3.010606858 314072 0 1095680
369 2.792313948 314072 0 1095680
370 2.539543674 314072 0 1095680
371 2.52437451 310872 0 1095680
372 2.817370981 310872 0 1095680
373 2.661025812 311544 0 1095680
374 2.843389969 311544 0 1095680
375 3.14662677 314392 0 1095680
376 2.734120637 314392 0 1095680
377 2.795574294 311192 0 1095680
378 2.57577821 311192 0 1095680
379 2.473860313 307992 0 1095680
380 2.83743813 307992 0 1095680
381 2.449790584 307672 0 1095680
382 2.901211738 307672 0 1095680
383 2.6885909 307992 0 1095680
384 2.613208175 307992 0 1095680
385 3.028392346 323904 0 1095680
386 3.050078252 323904 0 1095680
387 3.23996826 321056 0 1095680
388 2.949169251 321056 0 1095680
389 3.145948769 320704 0 1095680
390 2.914489802 320704 0 1095680
391 3.2427159 326696 665 1095680
392 2.759269997 326696 665 1095680
393 2.891957655 325981 665 1095680
394 2.628401658 325981 665 1095680
395 4.31678323 323496 665 1095680
396 2.616473438 323496 665 1095680
397 4.000131239 320725 0 1095680
398 2.834035878 320725 0 1095680
399 3.56396825 322826 665 1095680
400 2.728906469 322826 665 1095680
401 2.944107777 320373 0 1095680
402 2.823001602 320341 0 1095680
403 2.777313467 317504 0 1095680
404 2.578113679 317504 0 1095680
405 2.623224827 317184 0 1095680
406 2.529115455 317184 0 1095680
407 2.809317398 317888 0 1095680
408 2.91545254 317856 0 1095680
409 2.859714286 316864 665 1095680
410 2.580710488 316864 665 1095680
411 2.631609756 316864 665 1095680
412 2.455192606 316864 665 1095680
413 2.445049833 313664 665 1095680
414 2.32479493 313664 665 1095680
415 2.931950141 323176 665 1095680
416 2.669708479 323176 665 1095680
417 2.444204036 322461 665 1095680
418 2.453268143 322461 665 1095680
419 2.751380773 319976 665 1095680
420 2.397047387 319976 665 1095680
421 2.73640715 319976 665 1095680
422 2.473988556 319976 665 1095680
423 3.75515675 319261 665 1095680
424 2.422529418 319261 665 1095680
425 2.350035465 316776 665 1095680
426 4.174529417 316776 665 1095680
427 2.574107186 310464 665 1095680
428 2.360067524 310464 665 1095680
429 2.260629149 313664 665 1095680
430 2.314784239 313664 665 1095680
431 2.31807683 310464 665 1095680
432 2.388366041 310464 665 1095680
433 2.938079263 317856 0 1095680
434 2.741682143 317856 0 1095680
435 2.876137562 320704 0 1095680
436 3.105750429 320704 0 1095680
437 2.678546051 317504 0 1095680
438 2.931195764 317504 0 1095680
439 2.960541044 317525 0 1095680
440 3.111407015 317525 0 1095680
441 2.959098915 319626 665 1095680
442 2.61945249 319626 665 1095680
443 2.657427794 317173 0 1095680
444 2.711155337 317141 0 1095680
445 3.147421209 323496 665 1095680
446 2.701250841 323496 665 1095680
447 2.806157514 322781 665 1095680
448 3.044708565 322781 665 1095680
449 4.455265009 320296 665 1095680
450 2.807030051 320296 665 1095680
451 2.757735189 314304 0 1095680
452 2.666131414 314304 0 1095680
453 2.913686904 314688 0 1095680
454 2.560768415 314656 0 1095680
455 2.882505104 313984 0 1095680
456 2.3983758 313984 0 1095680
457 2.566994531 304792 0 1095680
458 2.394852932 304792 0 1095680
459 2.378432924 304472 0 1095680
460 2.542531463 304472 0 1095680
461 2.863013492 304792 0 1095680
462 2.800666258 304792 0 1095680
463 2.650661343 311192 0 1095680
464 2.839512588 311192 0 1095680
465 2.587548385 310872 0 1095680
466 2.543075062 310872 0 1095680
467 2.573512047 311576 0 1095680
468 2.956040782 311544 0 1095680
469 2.370348897 304152 0 1095680
470 2.310258514 304152 0 1095680
471 2.303493645 307352 0 1095680
472 2.17977815 307352 0 1095680
473 2.326223561 304152 0 1095680
474 2.120634025 304152 0 1095680
475 2.580486554 307992 0 1095680
476 2.521615621 307992 0 1095680
477 2.90206279 308376 0 1095680
478 2.897755481 308344 0 1095680
479 2.38784964 307672 0 1095680
480 2.734742049 307672 0 1095680
481 2.922710595 323616 0 1095680
482 3.210519739 323616 0 1095680
483 2.991591207 323616 0 1095680
484 2.774150827 323616 0 1095680
485 3.213863867 323616 0 1095680
486 3.347230265 323616 0 1095680
487 2.926196534 326464 0 1095680
488 2.876848904 326464 0 1095680
489 3.06312975 326464 0 1095680
490 2.990055376 326464 0 1095680
491 3.016126556 326464 0 1095680
492 2.956466347 326464 0 1095680
493 2.783338969 323616 0 1095680
494 3.029040897 323616 0 1095680
495 3.246483772 326464 0 1095680
496 2.98047575 326464 0 1095680
497 2.80570702 323264 0 1095680
498 2.608578253 323264 0 1095680
499 3.047813282 323264 0 1095680
500 3.092879446 323264 0 1095680
501 2.600705381 323264 0 1095680
502 2.719353523 323264 0 1095680
503 3.011804941 323264 0 1095680
504 2.92074747 323264 0 1095680
505 3.19252877 320725 0 1095680
506 2.804714265 320725 0 1095680
507 2.881405436 320725 0 1095680
508 3.122401608 320725 0 1095680
509 2.806708987 320725 0 1095680
510 2.810194539 320725 0 1095680
511 2.74135667 322826 665 1095680
512 2.716890984 322826 665 1095680
513 2.920672831 322826 665 1095680
514 3.354218804 322826 665 1095680
515 3.045554203 322826 665 1095680
516 2.60002987 322826 665 1095680
517 3.239850493 320725 0 1095680
518 2.926479483 320725 0 1095680
519 2.779951551 322826 665 1095680
520 4.376657879 322826 665 1095680
521 2.624797521 320373 0 1095680
522 2.795045796 320341 0 1095680
523 2.895561674 320373 0 1095680
524 2.798871676 320373 0 1095680
525 2.805293981 320341 0 1095680
526 2.482809216 320341 0 1095680
527 3.1645591 320373 0 1095680
528 4.33583885 320341 0 1095680
529 2.97876081 329256 665 1095680
530 2.882112385 329256 665 1095680
531 2.882114044 329256 665 1095680
532 2.570835838 329256 665 1095680
533 2.893565827 329256 665 1095680
534 2.786479702 329256 665 1095680
535 2.870013013 325981 665 1095680
536 2.793122696 325981 665 1095680
537 2.811355072 325981 665 1095680
538 2.59654935 325981 665 1095680
539 2.637315444 325981 665 1095680
540 2.480362136 325981 665 1095680
541 2.916155509 326376 665 1095680
542 2.608240316 326376 665 1095680
543 2.79844179 325661 665 1095680
544 2.921989706 325661 665 1095680
545 2.914502555 323176 665 1095680
546 2.677463112 323176 665 1095680
547 4.229855934 326056 665 1095680
548 2.817413902 326056 665 1095680
549 2.581316822 323496 665 1095680
550 2.732246351 323496 665 1095680
551 2.522988364 323176 665 1095680
552 2.973604478 323176 665 1095680
553 3.488254891 320736 0 1095680
554 3.050353128 320736 0 1095680
555 3.136138518 323584 0 1095680
556 2.805575402 323584 0 1095680
557 3.184684157 320384 0 1095680
558 2.839366302 320384 0 1095680
559 2.690939921 320405 0 1095680
560 2.560806421 320405 0 1095680
561 4.371488278 322506 665 1095680
562 2.787378266 322506 665 1095680
563 2.649063329 320053 0 1095680
564 2.830809611 320021 0 1095680
565 2.92317466 326376 665 1095680
566 3.095868729 326376 665 1095680
567 2.807090691 325661 665 1095680
568 2.671956487 325661 665 1095680
569 3.91845005 323176 665 1095680
570 2.594166468 323176 665 1095680
571 2.574579537 317184 0 1095680
572 2.453188361 317184 0 1095680
573 2.488193067 317568 0 1095680
574 2.581851443 317536 0 1095680
575 2.760300103 316864 0 1095680
576 2.760408695 316864 0 1095680
577 2.62293595 320064 0 1095680
578 2.908923374 320064 0 1095680
579 2.605996321 320064 0 1095680
580 2.590975213 320064 0 1095680
581 2.485449358 320064 0 1095680
582 2.711955958 320064 0 1095680
583 2.74889781 317888 0 1095680
584 3.341384621 317888 0 1095680
585 2.975961114 317856 0 1095680
586 2.891663273 317856 0 1095680
587 2.659832487 317888 0 1095680
588 2.954447181 317856 0 1095680
589 2.659692302 319744 0 1095680
590 3.687359665 319744 0 1095680
591 2.286562479 317184 0 1095680
592 2.726096117 317184 0 1095680
593 2.802232699 316864 0 1095680
594 2.939476751 316864 0 1095680
595 2.576196745 317184 0 1095680
596 3.265500164 317184 0 1095680
597 2.880102186 317568 0 1095680
598 2.796145858 317536 0 1095680
599 2.771251786 316864 0 1095680
600 3.286083712 316864 0 1095680
601 2.396467925 310552 0 1095680
602 2.398897556 310552 0 1095680
603 2.444527651 310552 0 1095680
604 2.448882341 310552 0 1095680
605 2.552619431 310552 0 1095680
606 2.426756224 310552 0 1095680
607 2.227520816 310232 0 1095680
608 2.423708711 310232 0 1095680
609 2.245634494 307352 0 1095680
610 2.437635209 307352 0 1095680
611 2.32677904 310232 0 1095680
612 2.346643641 310232 0 1095680
613 2.624928142 307672 0 1095680
614 2.607852625 307672 0 1095680
615 2.712746494 307352 0 1095680
616 2.667714257 307352 0 1095680
617 2.898786562 307672 0 1095680
618 2.72801847 307672 0 1095680
619 2.383825454 310552 0 1095680
620 2.4798485 310552 0 1095680
621 2.294944301 310552 0 1095680
622 2.807561433 310552 0 1095680
623 2.464216788 310552 0 1095680
624 2.601012892 310552 0 1095680
625 2.422642109 316952 0 1095680
626 2.520683076 316952 0 1095680
627 2.969636248 316952 0 1095680
628 2.545627756 316952 0 1095680
629 2.666069919 316952 0 1095680
630 2.552780993 316952 0 1095680
631 2.523188315 316632 0 1095680
632 4.063454911 316632 0 1095680
633 2.270065583 313752 0 1095680
634 2.492975756 313752 0 1095680
635 2.720835028 314072 0 1095680
636 2.668773351 314072 0 1095680
637 2.870874722 314072 0 1095680
638 2.654781738 314072 0 1095680
639 2.521178073 313752 0 1095680
640 2.581223473 313752 0 1095680
641 2.818765459 314456 0 1095680
642 2.582592189 314424 0 1095680
643 2.648708922 314776 0 1095680
644 2.640927393 314776 0 1095680
645 2.421701576 314744 0 1095680
646 2.397035561 314744 0 1095680
647 2.435039523 314776 0 1095680
648 2.446916535 314744 0 1095680
649 2.51870179 309912 0 1095680
650 2.33664032 309912 0 1095680
651 2.463718138 307032 0 1095680
652 2.125062574 307032 0 1095680
653 2.316354338 309912 0 1095680
654 2.11608906 309912 0 1095680
655 2.652378741 313112 0 1095680
656 2.220709961 313112 0 1095680
657 2.175418986 310232 0 1095680
658 2.692448084 310232 0 1095680
659 4.163154808 310552 0 1095680
660 2.732347538 310552 0 1095680
661 2.118337355 304152 0 1095680
662 3.089467828 304152 0 1095680
663 2.508532776 307352 0 1095680
664 2.645801693 307352 0 1095680
665 2.284146721 304152 0 1095680
666 2.240618122 304152 0 1095680
667 2.565661495 309912 0 1095680
668 2.525001825 309912 0 1095680
669 2.273160088 307352 0 1095680
670 4.276762361 307352 0 1095680
671 2.262882601 307032 0 1095680
672 2.191769352 307032 0 1095680
673 2.591615723 304792 0 1095680
674 2.683365527 304792 0 1095680
675 2.40736168 304472 0 1095680
676 2.347741053 304472 0 1095680
677 2.598935454 304792 0 1095680
678 2.463232218 304792 0 1095680
679 2.756807672 311192 0 1095680
680 3.066363391 311192 0 1095680
681 2.362571661 310872 0 1095680
682 2.72984158 310872 0 1095680
683 3.366692149 311576 0 1095680
684 2.651972113 311544 0 1095680
685 2.259747025 304152 0 1095680
686 2.482912875 304152 0 1095680
687 2.588298535 307352 0 1095680
688 2.499820547 307352 0 1095680
689 2.143691094 304152 0 1095680
690 2.199591328 304152 0 1095680
691 2.708763079 307992 0 1095680
692 2.649890305 307992 0 1095680
693 2.770983243 308376 0 1095680
694 2.515313003 308344 0 1095680
695 2.326997923 307672 0 1095680
696 2.622272943 307672 0 1095680
697 2.534333317 313752 0 1095680
698 2.523991914 313752 0 1095680
699 2.516730052 313752 0 1095680
700 2.438449312 313752 0 1095680
701 2.739144804 313752 0 1095680
702 2.928038642 313752 0 1095680
703 2.533106486 311576 0 1095680
704 2.904871678 311576 0 1095680
705 2.596422642 311544 0 1095680
706 2.658834921 311544 0 1095680
707 2.77335355 311576 0 1095680
708 2.442438568 311544 0 1095680
709 2.585139947 313432 0 1095680
710 2.654443509 313432 0 1095680
711 2.575532853 310872 0 1095680
712 2.503077625 310872 0 1095680
713 2.380101249 310552 0 1095680
714 2.717094881 310552 0 1095680
715 2.511631309 310872 0 1095680
716 2.397022809 310872 0 1095680
717 2.701571177 311256 0 1095680
718 2.81481895 311224 0 1095680
719 3.713406784 310552 0 1095680
720 2.335410093 310552 0 1095680
