1 4.345424396 2624640 0 1222400
2 4.162283858 2624640 0 1222400
3 4.656848284 2624640 0 1222400
4 3.977814942 2624640 0 1222400
5 4.66061181 2624640 0 1222400
6 4.326811055 2624640 0 1222400
7 4.361450451 2624640 0 1222400
8 4.370866268 2624640 0 1222400
9 4.231727476 2624640 0 1222400
10 4.124687851 2624640 0 1222400
11 4.118966883 2592640 0 1222400
12 3.93910798 2592640 0 1222400
13 4.051751618 2624640 0 1222400
14 4.531801376 2624640 0 1222400
15 4.247360595 2624640 0 1222400
16 4.296753076 2624640 0 1222400
17 4.373190154 2624640 0 1222400
18 3.772640064 2624640 0 1222400
19 4.120686358 2592640 0 1222400
20 4.821792876 2592640 0 1222400
21 4.603803223 2592640 0 1222400
22 4.004405059 2592640 0 1222400
23 3.767578854 2592640 0 1222400
24 4.05540374 2592640 0 1222400
25 4.18928755 2598400 0 1222400
26 4.110060175 2598400 0 1222400
27 3.993270895 2598400 0 1222400
28 4.624697936 2598400 0 1222400
29 3.926192784 2598400 0 1222400
30 3.843033114 2598400 0 1222400
31 4.351997986 2552320 0 1222400
32 3.746957877 2552320 0 1222400
33 4.07762773 2552320 0 1222400
34 4.311338596 2552320 0 1222400
35 3.888359618 2520320 0 1222400
36 3.944198871 2520320 0 1222400
37 3.804470224 2598400 0 1222400
38 4.094137535 2598400 0 1222400
39 4.13878271 2598400 0 1222400
40 4.580932117 2598400 0 1222400
41 3.927739825 2598400 0 1222400
42 4.961885916 2598400 0 1222400
43 4.17724128 2544000 0 1222400
44 4.235260237 2544000 0 1222400
45 3.919210613 2520320 0 1222400
46 3.798551886 2520320 0 1222400
47 3.921060307 2544000 0 1222400
48 4.12374255 2544000 0 1222400
49 5.465499475 2578560 0 1222400
50 4.22672435 2578560 0 1222400
51 4.669412048 2578560 0 1222400
52 4.073919469 2578560 0 1222400
53 4.059684517 2546560 0 1222400
54 4.235481769 2546560 0 1222400
55 4.743726636 2552320 0 1222400
56 4.076390778 2552320 0 1222400
57 4.71344556 2552320 0 1222400
58 4.583257511 2552320 0 1222400
59 3.737636877 2520320 0 1222400
60 4.021712425 2520320 0 1222400
61 4.877534949 2578560 0 1222400
62 3.843771809 2578560 0 1222400
63 4.461067507 2578560 0 1222400
64 4.235251691 2578560 0 1222400
65 3.794595677 2546560 0 1222400
66 4.495996382 2546560 0 1222400
67 3.651168572 2514560 0 1222400
68 4.442565734 2514560 0 1222400
69 3.970164771 2488320 0 1222400
70 3.924988666 2488320 0 1222400
71 4.499594233 2514560 0 1222400
72 3.789037434 2514560 0 1222400
73 4.032099991 2624640 0 1222400
74 4.925216247 2624640 0 1222400
75 3.929985672 2624640 0 1222400
76 3.854937047 2624640 0 1222400
77 4.285592806 2624640 0 1222400
78 4.767267971 2624640 0 1222400
79 4.02281853 2624640 0 1222400
80 3.934767763 2624640 0 1222400
81 3.956027225 2624640 0 1222400
82 4.364135738 2624640 0 1222400
83 3.985741851 2624640 0 1222400
84 4.195716439 2624640 0 1222400
85 4.230142925 2624640 0 1222400
86 3.885036463 2624640 0 1222400
87 4.03240967 2624640 0 1222400
88 4.088767523 2624640 0 1222400
89 5.105638278 2592640 0 1222400
90 4.045004311 2592640 0 1222400
91 4.11887558 2592640 0 1222400
92 4.443503153 2592640 0 1222400
93 4.137768332 2592640 0 1222400
94 3.91644721 2592640 0 1222400
95 4.045222092 2592640 0 1222400
96 4.236887032 2592640 0 1222400
97 4.156195526 2560640 0 1222400
98 4.253019519 2560640 0 1222400
99 4.188161639 2560640 0 1222400
100 4.234024263 2560640 0 1222400
101 4.704893759 2560640 0 1222400
102 3.948945491 2560640 0 1222400
103 3.801060753 2512000 0 1222400
104 3.88122413 2512000 0 1222400
105 3.946912729 2488320 0 1222400
106 3.631733118 2488320 0 1222400
107 3.918538606 2512000 0 1222400
108 3.492496054 2512000 0 1222400
109 3.916891459 2514560 0 1222400
110 4.029446318 2514560 0 1222400
111 3.816957956 2488320 0 1222400
112 3.819334561 2488320 0 1222400
113 4.170065649 2514560 0 1222400
114 3.846801699 2514560 0 1222400
115 3.862341801 2560640 0 1222400
116 4.17827638 2560640 0 1222400
117 3.905086714 2560640 0 1222400
118 3.986230975 2560640 0 1222400
119 4.213659366 2560640 0 1222400
120 3.978402602 2560640 0 1222400
121 5.579399032 2649600 0 1222400
122 4.78655943 2649600 0 1222400
123 5.679817501 2649600 0 1222400
124 5.481928835 2649600 0 1222400
125 5.424675534 2649600 0 1222400
126 5.656007065 2649600 0 1222400
127 6.210493626 2649600 0 1222400
128 5.254874735 2649600 0 1222400
129 5.467004307 2649600 0 1222400
130 5.724908643 2649600 0 1222400
131 5.260603306 2617600 0 1222400
132 5.147835396 2617600 0 1222400
133 6.157324195 2649600 0 1222400
134 5.625577649 2649600 0 1222400
135 5.881770258 2649600 0 1222400
136 5.759828926 2649600 0 1222400
137 4.95929166 2649600 0 1222400
138 5.4415101 2649600 0 1222400
139 5.126845576 2617600 0 1222400
140 4.716812405 2617600 0 1222400
141 4.800081908 2617600 0 1222400
142 6.268322729 2617600 0 1222400
143 5.220699959 2617600 0 1222400
144 5.805411897 2617600 0 1222400
145 6.669606996 2648320 664 1222400
146 6.975309708 2648320 664 1222400
147 5.801801299 2648320 664 1222400
148 6.953031313 2648320 664 1222400
149 5.093627622 2648320 664 1222400
150 8.680339201 2648320 664 1222400
151 6.503117169 2602240 664 1222400
152 5.26565559 2602240 664 1222400
153 5.425423017 2620800 664 1222400
154 6.252509542 2620800 664 1222400
155 5.773034019 2570240 664 1222400
156 5.170467879 2570240 664 1222400
157 5.751747817 2666880 664 1222400
158 5.380708264 2666880 664 1222400
159 6.918732917 2666880 664 1222400
160 8.313159439 2666880 664 1222400
161 5.437862335 2666880 664 1222400
162 5.399405226 2666880 664 1222400
163 5.115563274 2599040 664 1222400
164 5.843599144 2599040 664 1222400
165 6.617281181 2570240 664 1222400
166 4.893347426 2570240 664 1222400
167 6.383522592 2599040 664 1222400
168 5.176673407 2599040 664 1222400
169 5.471176725 2603520 0 1222400
170 5.348640431 2603520 0 1222400
171 5.231601922 2603520 0 1222400
172 5.410127265 2603520 0 1222400
173 5.340418175 2571520 0 1222400
174 4.981099926 2571520 0 1222400
175 5.599746123 2602240 664 1222400
176 6.277297414 2602240 664 1222400
177 5.837618604 2620800 664 1222400
178 5.439890387 2620800 664 1222400
179 6.612450329 2570240 664 1222400
180 5.471224693 2570240 664 1222400
181 5.253988041 2631040 0 1222400
182 5.558294546 2631040 0 1222400
183 6.820534625 2647040 664 1222400
184 5.755513625 2647040 664 1222400
185 5.159980087 2599040 0 1222400
186 5.196037675 2596480 0 1222400
187 5.247530513 2539520 0 1222400
188 5.375902836 2539520 0 1222400
189 4.735932505 2519680 0 1222400
190 5.043243898 2519680 0 1222400
191 5.363368125 2548480 0 1222400
192 5.291006039 2545920 0 1222400
193 5.451243471 2677120 0 1222400
194 5.348293929 2677120 0 1222400
195 6.158414439 2677120 0 1222400
196 5.374249261 2677120 0 1222400
197 5.864557115 2677120 0 1222400
198 6.766979528 2677120 0 1222400
199 5.634741072 2693120 664 1222400
200 5.539575831 2693120 664 1222400
201 7.21708281 2693120 664 1222400
202 4.847851122 2693120 664 1222400
203 5.522124466 2693120 664 1222400
204 6.303335372 2693120 664 1222400
205 5.535661208 2677120 0 1222400
206 5.806410342 2677120 0 1222400
207 6.944360828 2693120 664 1222400
208 7.149466169 2693120 664 1222400
209 6.150493637 2645120 0 1222400
210 5.894568853 2642560 0 1222400
211 5.000634944 2645120 0 1222400
212 4.959183172 2645120 0 1222400
213 5.220771742 2642560 0 1222400
214 5.884840869 2642560 0 1222400
215 6.342495927 2645120 0 1222400
216 5.653028225 2642560 0 1222400
217 6.077046533 2585600 0 1222400
218 5.02855242 2585600 0 1222400
219 5.363506958 2585600 0 1222400
220 5.841576102 2585600 0 1222400
221 6.033739034 2585600 0 1222400
222 5.920964978 2585600 0 1222400
223 6.715236915 2548480 0 1222400
224 6.402807365 2548480 0 1222400
225 7.298756311 2519680 0 1222400
226 5.235944989 2519680 0 1222400
227 5.490822144 2548480 0 1222400
228 5.824780422 2548480 0 1222400
229 5.372706234 2539520 0 1222400
230 4.658513285 2539520 0 1222400
231 5.092140166 2519680 0 1222400
232 5.762800943 2519680 0 1222400
233 5.608844323 2548480 0 1222400
234 5.217810427 2545920 0 1222400
235 5.738406866 2594560 0 1222400
236 5.345814584 2594560 0 1222400
237 5.877611754 2592000 0 1222400
238 7.375994444 2592000 0 1222400
239 6.011788801 2594560 0 1222400
240 4.97654326 2592000 0 1222400
241 5.341513109 2597120 664 1222400
242 4.791152255 2597120 664 1222400
243 4.555167584 2597120 664 1222400
244 4.350709152 2597120 664 1222400
245 3.970606475 2597120 664 1222400
246 5.542118201 2597120 664 1222400
247 3.941907011 2551040 664 1222400
248 3.901945388 2551040 664 1222400
249 4.359196461 2551040 664 1222400
250 4.108241945 2551040 664 1222400
251 4.028729678 2519040 664 1222400
252 5.465234584 2519040 664 1222400
253 5.865981089 2597120 664 1222400
254 5.246517945 2597120 664 1222400
255 4.812486563 2597120 664 1222400
256 6.246023573 2597120 664 1222400
257 5.407373534 2597120 664 1222400
258 6.271585448 2597120 664 1222400
259 3.72815614 2542720 664 1222400
260 4.154617654 2542720 664 1222400
261 5.366297321 2519040 664 1222400
262 3.802992561 2519040 664 1222400
263 3.895880675 2542720 664 1222400
264 4.050249962 2542720 664 1222400
265 5.522723416 2622080 664 1222400
266 5.298674212 2622080 664 1222400
267 6.015904619 2622080 664 1222400
268 5.374888957 2622080 664 1222400
269 5.149878353 2622080 664 1222400
270 5.523996566 2622080 664 1222400
271 6.76265797 2576000 664 1222400
272 4.997524518 2576000 664 1222400
273 6.058173462 2594560 664 1222400
274 6.105268036 2594560 664 1222400
275 4.824073507 2544000 664 1222400
276 5.151656251 2544000 664 1222400
277 6.047977963 2640640 664 1222400
278 6.007892802 2640640 664 1222400
279 6.637907958 2640640 664 1222400
280 5.523582138 2640640 664 1222400
281 6.840986373 2640640 664 1222400
282 5.509033452 2640640 664 1222400
283 6.636768514 2572800 664 1222400
284 5.299551478 2572800 664 1222400
285 5.245533007 2544000 664 1222400
286 5.420399848 2544000 664 1222400
287 5.105877555 2572800 664 1222400
288 5.297387371 2572800 664 1222400
289 4.424816949 2504960 664 1222400
290 4.118125857 2504960 664 1222400
291 3.981320831 2504960 664 1222400
292 3.66142724 2504960 664 1222400
293 4.015280218 2472960 664 1222400
294 3.922775529 2472960 664 1222400
295 7.017444978 2529920 664 1222400
296 5.249475676 2529920 664 1222400
297 5.649768721 2548480 664 1222400
298 5.454906993 2548480 664 1222400
299 5.279071531 2497920 664 1222400
300 5.348630278 2497920 664 1222400
301 3.982993785 2506240 664 1222400
302 5.448015946 2506240 664 1222400
303 5.739430093 2524800 664 1222400
304 5.232237533 2524800 664 1222400
305 3.778654093 2474240 664 1222400
306 4.697779805 2474240 664 1222400
307 3.472663705 2440960 664 1222400
308 4.060205808 2440960 664 1222400
309 4.814616911 2447360 664 1222400
310 4.952865049 2447360 664 1222400
311 4.046905391 2423680 664 1222400
312 5.187706777 2423680 664 1222400
313 4.282493202 2598400 664 1222400
314 3.868942763 2598400 664 1222400
315 5.564017418 2598400 664 1222400
316 4.638835185 2598400 664 1222400
317 4.316594513 2598400 664 1222400
318 4.332157718 2598400 664 1222400
319 7.002903517 2616960 664 1222400
320 5.730215961 2616960 664 1222400
321 5.159059467 2616960 664 1222400
322 4.783185953 2616960 664 1222400
323 6.622843246 2616960 664 1222400
324 5.551361557 2616960 664 1222400
325 4.919011301 2552320 664 1222400
326 4.682088692 2552320 664 1222400
327 5.414053907 2570880 664 1222400
328 5.090619714 2570880 664 1222400
329 4.032104269 2520320 664 1222400
330 5.050134048 2520320 664 1222400
331 6.417727988 2549120 664 1222400
332 4.671052551 2549120 664 1222400
333 6.254877329 2549120 664 1222400
334 5.866042377 2549120 664 1222400
335 4.444965101 2520320 664 1222400
336 4.612596553 2520320 664 1222400
337 3.797820063 2493440 664 1222400
338 4.562530363 2493440 664 1222400
339 3.813455342 2469760 664 1222400
340 3.820737346 2469760 664 1222400
341 5.068653188 2493440 664 1222400
342 6.36636271 2493440 664 1222400
343 4.873000935 2504960 664 1222400
344 8.561925828 2504960 664 1222400
345 5.025448297 2476160 664 1222400
346 4.780508564 2476160 664 1222400
347 4.956229978 2504960 664 1222400
348 7.883243961 2504960 664 1222400
349 3.762135892 2440960 664 1222400
350 5.546099842 2440960 664 1222400
351 4.767892377 2447360 664 1222400
352 4.665139998 2447360 664 1222400
353 5.218500956 2423680 664 1222400
354 5.36958023 2423680 664 1222400
355 4.508236246 2481280 664 1222400
356 4.50395365 2481280 664 1222400
357 5.450452995 2481280 664 1222400
358 6.683216958 2481280 664 1222400
359 5.964332803 2452480 664 1222400
360 5.05220739 2452480 664 1222400
361 4.537987508 2532480 0 1222400
362 4.580848611 2532480 0 1222400
363 4.591851048 2532480 0 1222400
364 4.808828886 2532480 0 1222400
365 4.20280045 2500480 0 1222400
366 4.496353925 2500480 0 1222400
367 3.890418916 2506240 0 1222400
368 4.395236353 2506240 0 1222400
369 3.789425463 2506240 0 1222400
370 4.500408781 2506240 0 1222400
371 3.88705552 2474240 0 1222400
372 3.892555236 2474240 0 1222400
373 4.153885284 2532480 0 1222400
374 4.136119664 2532480 0 1222400
375 5.101727272 2532480 0 1222400
376 3.906614054 2532480 0 1222400
377 4.36986925 2500480 0 1222400
378 3.629473235 2500480 0 1222400
379 3.832901054 2468480 0 1222400
380 4.057775857 2468480 0 1222400
381 3.836709798 2442240 0 1222400
382 3.779386621 2442240 0 1222400
383 3.753061651 2468480 0 1222400
384 3.747968673 2468480 0 1222400
385 6.182635228 2557440 0 1222400
386 5.20036289 2557440 0 1222400
387 5.339235197 2557440 0 1222400
388 6.84569347 2557440 0 1222400
389 5.166264987 2525440 0 1222400
390 5.635501887 2525440 0 1222400
391 6.563330483 2556160 664 1222400
392 5.648052309 2556160 664 1222400
393 5.441437544 2574720 664 1222400
394 4.95009634 2574720 664 1222400
395 5.081954453 2524160 664 1222400
396 5.74672512 2524160 664 1222400
397 5.514311182 2584960 0 1222400
398 4.954731893 2584960 0 1222400
399 5.06701081 2600960 664 1222400
400 5.170061976 2600960 664 1222400
401 5.73044491 2552960 0 1222400
402 7.692181714 2550400 0 1222400
403 5.235930008 2493440 0 1222400
404 5.711035497 2493440 0 1222400
405 5.025515314 2473600 0 1222400
406 7.418347562 2473600 0 1222400
407 5.822854432 2502400 0 1222400
408 4.955822471 2499840 0 1222400
409 4.400093014 2504960 664 1222400
410 4.484393801 2504960 664 1222400
411 3.886049714 2504960 664 1222400
412 4.184354307 2504960 664 1222400
413 3.762332835 2472960 664 1222400
414 4.359708431 2472960 664 1222400
415 6.304827566 2529920 664 1222400
416 5.101851478 2529920 664 1222400
417 5.207842762 2548480 664 1222400
418 5.046807495 2548480 664 1222400
419 6.642531466 2497920 664 1222400
420 5.142566108 2497920 664 1222400
421 3.864494583 2506240 664 1222400
422 4.005829215 2506240 664 1222400
423 7.433066898 2524800 664 1222400
424 8.815177166 2524800 664 1222400
425 4.351942057 2474240 664 1222400
426 5.507869232 2474240 664 1222400
427 3.888242047 2440960 664 1222400
428 3.811889356 2440960 664 1222400
429 5.421171414 2447360 664 1222400
430 5.137186855 2447360 664 1222400
431 3.826062206 2423680 664 1222400
432 4.670876243 2423680 664 1222400
433 4.022647577 2533760 0 1222400
434 4.127107655 2533760 0 1222400
435 4.29153778 2533760 0 1222400
436 4.067309843 2533760 0 1222400
437 3.773519772 2501760 0 1222400
438 3.874167573 2501760 0 1222400
439 5.445322175 2561280 0 1222400
440 5.582641965 2561280 0 1222400
441 5.308799229 2577280 664 1222400
442 5.931725997 2577280 664 1222400
443 5.382785286 2529280 0 1222400
444 5.354877741 2526720 0 1222400
445 4.045671591 2532480 664 1222400
446 4.345311337 2532480 664 1222400
447 5.746283143 2551040 664 1222400
448 5.885606329 2551040 664 1222400
449 4.078091647 2500480 664 1222400
450 7.134930513 2500480 664 1222400
451 4.100309527 2469760 0 1222400
452 3.890483261 2469760 0 1222400
453 5.188495596 2478720 0 1222400
454 4.892257746 2476160 0 1222400
455 3.836580884 2449920 0 1222400
456 5.560119051 2449920 0 1222400
457 3.806117362 2436480 0 1222400
458 3.967937364 2436480 0 1222400
459 3.977214515 2410240 0 1222400
460 3.792829095 2410240 0 1222400
461 4.195202964 2436480 0 1222400
462 3.942588613 2436480 0 1222400
463 4.839079348 2442880 0 1222400
464 5.052889114 2442880 0 1222400
465 5.270225344 2423040 0 1222400
466 4.650323821 2423040 0 1222400
467 4.799660078 2451840 0 1222400
468 4.891633665 2449280 0 1222400
469 3.931879927 2390400 0 1222400
470 3.55077261 2390400 0 1222400
471 5.085399592 2396800 0 1222400
472 5.04835033 2396800 0 1222400
473 3.428399722 2373120 0 1222400
474 5.776744367 2373120 0 1222400
475 3.668435771 2419200 0 1222400
476 3.623051249 2419200 0 1222400
477 4.834888465 2428160 0 1222400
478 4.971864938 2425600 0 1222400
479 3.690845611 2399360 0 1222400
480 5.128073549 2399360 0 1222400
481 5.421049812 2625920 0 1222400
482 4.21861271 2625920 0 1222400
483 4.248973637 2625920 0 1222400
484 4.879640156 2625920 0 1222400
485 4.151588363 2625920 0 1222400
486 4.419922105 2625920 0 1222400
487 5.017025722 2625920 0 1222400
488 3.985978507 2625920 0 1222400
489 4.275617335 2625920 0 1222400
490 4.732228718 2625920 0 1222400
491 4.487226557 2625920 0 1222400
492 4.076783162 2625920 0 1222400
493 4.503613835 2625920 0 1222400
494 4.664637056 2625920 0 1222400
495 4.835631463 2625920 0 1222400
496 4.126849682 2625920 0 1222400
497 4.386849885 2593920 0 1222400
498 4.042009298 2593920 0 1222400
499 4.462008055 2593920 0 1222400
500 4.704290792 2593920 0 1222400
501 4.051475553 2593920 0 1222400
502 3.959421961 2593920 0 1222400
503 4.399689248 2593920 0 1222400
504 3.99233782 2593920 0 1222400
505 6.133079866 2653440 0 1222400
506 6.070994282 2653440 0 1222400
507 5.874241634 2653440 0 1222400
508 4.954794705 2653440 0 1222400
509 5.512639986 2653440 0 1222400
510 5.53463391 2653440 0 1222400
511 5.926260391 2669440 664 1222400
512 7.268037921 2669440 664 1222400
513 5.320414358 2669440 664 1222400
514 5.444797423 2669440 664 1222400
515 5.733220909 2669440 664 1222400
516 5.100348204 2669440 664 1222400
517 5.546448264 2653440 0 1222400
518 5.314141378 2653440 0 1222400
519 5.368858312 2669440 664 1222400
520 5.866574207 2669440 664 1222400
521 5.645057335 2621440 0 1222400
522 5.880656228 2618880 0 1222400
523 5.28137208 2621440 0 1222400
524 5.563584074 2621440 0 1222400
525 6.634101787 2618880 0 1222400
526 5.536376181 2618880 0 1222400
527 5.825447926 2621440 0 1222400
528 6.747573869 2618880 0 1222400
529 4.316754794 2624640 664 1222400
530 5.612418194 2624640 664 1222400
531 4.310267922 2624640 664 1222400
532 3.793782734 2624640 664 1222400
533 4.917627547 2624640 664 1222400
534 5.703746714 2624640 664 1222400
535 6.00695071 2643200 664 1222400
536 5.152447963 2643200 664 1222400
537 7.178812347 2643200 664 1222400
538 5.843207802 2643200 664 1222400
539 5.91631504 2643200 664 1222400
540 5.088315332 2643200 664 1222400
541 4.422362341 2578560 664 1222400
542 4.605530288 2578560 664 1222400
543 6.530030996 2597120 664 1222400
544 4.890567537 2597120 664 1222400
545 4.450599309 2546560 664 1222400
546 5.721289644 2546560 664 1222400
547 4.806274671 2575360 664 1222400
548 5.088441295 2575360 664 1222400
549 4.924246849 2575360 664 1222400
550 5.517467721 2575360 664 1222400
551 4.684001567 2546560 664 1222400
552 5.665597943 2546560 664 1222400
553 3.946725077 2579840 0 1222400
554 4.262146834 2579840 0 1222400
555 4.009161147 2579840 0 1222400
556 4.495140705 2579840 0 1222400
557 4.260798663 2547840 0 1222400
558 3.853221153 2547840 0 1222400
559 5.649055556 2607360 0 1222400
560 5.038715137 2607360 0 1222400
561 5.774201712 2623360 664 1222400
562 7.425870163 2623360 664 1222400
563 5.080578888 2575360 0 1222400
564 5.201346052 2572800 0 1222400
565 4.466619591 2578560 664 1222400
566 5.435346166 2578560 664 1222400
567 5.133557332 2597120 664 1222400
568 5.739843322 2597120 664 1222400
569 4.754218866 2546560 664 1222400
570 5.07371545 2546560 664 1222400
571 4.275504235 2515840 0 1222400
572 3.844592846 2515840 0 1222400
573 5.160994913 2524800 0 1222400
574 5.035621907 2522240 0 1222400
575 4.434597859 2496000 0 1222400
576 6.658962075 2496000 0 1222400
577 3.92291853 2561920 0 1222400
578 4.139143043 2561920 0 1222400
579 4.180175454 2561920 0 1222400
580 4.175279893 2561920 0 1222400
581 3.758158574 2561920 0 1222400
582 4.070876065 2561920 0 1222400
583 5.831246805 2570880 0 1222400
584 5.418438083 2570880 0 1222400
585 6.101872685 2568320 0 1222400
586 5.037650248 2568320 0 1222400
587 5.266360354 2570880 0 1222400
588 5.10820705 2568320 0 1222400
589 5.05518834 2524800 0 1222400
590 4.515798149 2524800 0 1222400
591 6.670430197 2524800 0 1222400
592 6.950045814 2524800 0 1222400
593 5.513060156 2496000 0 1222400
594 5.072080911 2496000 0 1222400
595 3.991554462 2515840 0 1222400
596 3.890615532 2515840 0 1222400
597 4.718452717 2524800 0 1222400
598 4.996099739 2522240 0 1222400
599 4.973318654 2496000 0 1222400
600 5.161241571 2496000 0 1222400
601 4.1670422 2528640 0 1222400
602 3.836412057 2528640 0 1222400
603 3.849735551 2528640 0 1222400
604 3.847598507 2528640 0 1222400
605 3.831164925 2528640 0 1222400
606 4.686220145 2528640 0 1222400
607 4.356912126 2480000 0 1222400
608 4.1841896 2480000 0 1222400
609 3.282596645 2456320 0 1222400
610 4.009981353 2456320 0 1222400
611 3.746250047 2480000 0 1222400
612 4.101147109 2480000 0 1222400
613 4.261331348 2482560 0 1222400
614 3.556582339 2482560 0 1222400
615 4.034145988 2456320 0 1222400
616 3.622761355 2456320 0 1222400
617 3.90020911 2482560 0 1222400
618 3.914771389 2482560 0 1222400
619 3.936854305 2528640 0 1222400
620 3.541921023 2528640 0 1222400
621 4.126068435 2528640 0 1222400
622 3.97426238 2528640 0 1222400
623 3.96282931 2528640 0 1222400
624 3.918708145 2528640 0 1222400
625 4.807439509 2535040 0 1222400
626 4.959447702 2535040 0 1222400
627 5.617593596 2535040 0 1222400
628 5.508587062 2535040 0 1222400
629 5.580827071 2535040 0 1222400
630 4.676011899 2535040 0 1222400
631 5.118325819 2497920 0 1222400
632 4.905219216 2497920 0 1222400
633 5.874779623 2469120 0 1222400
634 6.731517478 2469120 0 1222400
635 5.598090202 2497920 0 1222400
636 4.813900772 2497920 0 1222400
637 4.955122436 2488960 0 1222400
638 4.886676248 2488960 0 1222400
639 4.95758247 2469120 0 1222400
640 4.988196366 2469120 0 1222400
641 4.873790331 2497920 0 1222400
642 4.847983631 2495360 0 1222400
643 4.851172466 2544000 0 1222400
644 4.940190568 2544000 0 1222400
645 5.105515714 2541440 0 1222400
646 5.246962434 2541440 0 1222400
647 5.487387541 2544000 0 1222400
648 5.476647255 2541440 0 1222400
649 4.142338372 2442880 0 1222400
650 4.223406449 2442880 0 1222400
651 6.241299586 2419200 0 1222400
652 3.560763969 2419200 0 1222400
653 6.02017004 2442880 0 1222400
654 4.769033899 2442880 0 1222400
655 5.034583088 2454400 0 1222400
656 5.64636232 2454400 0 1222400
657 5.562618156 2425600 0 1222400
658 5.241087221 2425600 0 1222400
659 4.896051796 2454400 0 1222400
660 6.441127542 2454400 0 1222400
661 3.823027272 2390400 0 1222400
662 3.403980033 2390400 0 1222400
663 5.461488001 2396800 0 1222400
664 5.144742238 2396800 0 1222400
665 3.420045443 2373120 0 1222400
666 6.373538566 2373120 0 1222400
667 4.393777393 2430720 0 1222400
668 4.068667949 2430720 0 1222400
669 5.186686428 2430720 0 1222400
670 4.951561152 2430720 0 1222400
671 4.286643268 2401920 0 1222400
672 5.455245413 2401920 0 1222400
673 3.983686331 2436480 0 1222400
674 3.582776775 2436480 0 1222400
675 3.920763568 2410240 0 1222400
676 3.505123633 2410240 0 1222400
677 4.131785572 2436480 0 1222400
678 3.631795525 2436480 0 1222400
679 5.271872609 2442880 0 1222400
680 5.041220981 2442880 0 1222400
681 5.100267747 2423040 0 1222400
682 5.1622914 2423040 0 1222400
683 5.605277578 2451840 0 1222400
684 4.945265149 2449280 0 1222400
685 3.528781808 2390400 0 1222400
686 3.577883216 2390400 0 1222400
687 6.270991808 2396800 0 1222400
688 7.156621479 2396800 0 1222400
689 3.763206631 2373120 0 1222400
690 5.952196815 2373120 0 1222400
691 4.352206042 2419200 0 1222400
692 3.920503046 2419200 0 1222400
693 4.8589578 2428160 0 1222400
694 4.870936656 2425600 0 1222400
695 4.007310002 2399360 0 1222400
696 5.222580946 2399360 0 1222400
697 4.236676372 2511360 0 1222400
698 4.370415244 2511360 0 1222400
699 4.518176437 2511360 0 1222400
700 3.940854171 2511360 0 1222400
701 4.461704677 2511360 0 1222400
702 4.455677929 2511360 0 1222400
703 6.012074766 2520320 0 1222400
704 5.176025212 2520320 0 1222400
705 4.779320779 2517760 0 1222400
706 4.939961784 2517760 0 1222400
707 5.8924778 2520320 0 1222400
708 5.022039612 2517760 0 1222400
709 4.797580349 2474240 0 1222400
710 5.448021585 2474240 0 1222400
711 4.875235971 2474240 0 1222400
712 6.516433893 2474240 0 1222400
713 4.371493838 2445440 0 1222400
714 6.566273879 2445440 0 1222400
715 4.004933898 2465280 0 1222400
716 4.44030607 2465280 0 1222400
717 5.480465349 2474240 0 1222400
718 5.191886954 2471680 0 1222400
719 3.810848633 2445440 0 1222400
720 4.632793962 2445440 0 1222400
