core1_vpn2->leaf2_bd2:
[548488, 513859, 465667, 401729, 623694, 406860, 427275, 425046, 399511, 549017, 450327, 567257, 695448, 425621, 602192, 713811, 513307, 464539, 407001, 618408, 428450, 264226, 267756, 323244, 313452, 583911, 584440, 688187, 620091, 623166, 685693, 451455, 632311, 619190]
leaf2_vpn2->leaf2_bd2:
[548488, 513859, 465667, 401729, 623694, 406860, 427275, 425046, 399511, 549017, 450327, 567257, 695448, 425621, 602192, 713811, 513307, 464539, 570901, 407001, 618408, 428450, 264226, 267756, 323244, 313452, 571683, 583911, 584440, 688187, 620091, 623166, 685693, 451455, 632311, 619190]
leaf2_vpn1->leaf2_bd1:
[88387, 231040, 166337, 316098, 255755, 37001, 520334, 273679, 224200, 240717, 454856, 145357, 40017, 431314, 192343, 293074, 77974, 598224, 84379, 609554, 520219, 300955, 250396, 237475, 642857, 256994, 576172, 219621, 438049, 351599, 287279, 492140, 236142, 273513, 59056, 517303, 216817, 65778, 484594, 122870, 492222, 627760, 625843, 484476, 43517, 215422, 225534, 270203]
leaf1_vpn1->leaf2_bd1:
[88387, 231040, 166337, 316098, 255755, 37001, 520334, 273679, 224200, 240717, 454856, 145357, 40017, 431314, 192343, 293074, 77974, 598224, 84379, 609554, 520219, 300955, 250396, 237475, 642857, 256994, 576172, 219621, 438049, 351599, 287279, 492140, 236142, 273513, 59056, 517303, 216817, 65778, 484594, 122870, 492222, 627760, 625843, 484476, 43517, 215422, 225534, 270203]
leaf1_vpn1->leaf2_bd2:
[548488, 513859, 465667, 401729, 623694, 406860, 427275, 425046, 399511, 549017, 450327, 567257, 695448, 425621, 602192, 713811, 513307, 464539, 407001, 618408, 428450, 264226, 267756, 323244, 313452, 583911, 584440, 688187, 620091, 623166, 685693, 451455, 632311, 619190]
core1_vpn1->leaf2_bd2:
[548488, 513859, 465667, 401729, 623694, 406860, 427275, 425046, 399511, 549017, 450327, 567257, 695448, 425621, 602192, 713811, 513307, 464539, 407001, 618408, 428450, 264226, 267756, 323244, 313452, 583911, 584440, 688187, 620091, 623166, 685693, 451455, 632311, 619190]
